1
5,180717
6,385449E+10
31,04057
15,68992
6,385484E+10
6,385484E+10
6,385484E+10
24,38873
6,385485E+10
6,385485E+10
6,385492E+10
6,385492E+10
6,385492E+10
6,385492E+10
6,385492E+10
3,983979
6,385493E+10
340,7344
6,385493E+10
6,385509E+10
6,385509E+10
1
5,443772
1
3,064697
1
2,577832
1
3,49147
1
3,847999
3,284549
1
3,505617
4,360489
2,738089
3,670125
3,022998
1,893244
5,214228
4,745769
1
2,861788
4,13963
3,339237
4,9249
3,454327
3,518689
1
4,448269
2,807988
3,481368
2,273759
2,204114
1
4,572604
3,399741
3,273067
3,905863
3,968938
6,38551E+10
6,38551E+10
6,38551E+10
6,38551E+10
38,42382
32,34288
26,86205
27,5643
28,88244
1
1
1
1
1
1
1
1
1
1
1
1
1
1
1
2
3
5
1
4
2
3
10
7
7
8
1
1
2
5

8
2
11
12
12
15
45
3
9
1
1
4
7
2
2
1
3
